0.000000  [0.000000 0.000000 0.000000 0.000000 0.000000 0.000000]
0.100000  [-0.001607 0.000476 -0.005000 -0.000000 0.004525 0.001607]
0.200000  [-0.006428 0.001902 -0.019999 -0.000001 0.018099 0.006427]
0.300000  [-0.013274 0.003928 -0.041301 -0.000001 0.037377 0.013274]
0.400000  [-0.020151 0.005963 -0.062701 -0.000002 0.056743 0.020151]
0.500000  [-0.027029 0.007999 -0.084101 -0.000003 0.076110 0.027029]
0.600000  [-0.033907 0.010034 -0.105501 -0.000003 0.095476 0.033906]
0.700000  [-0.040784 0.012069 -0.126901 -0.000004 0.114843 0.040784]
0.800000  [-0.047662 0.014105 -0.148301 -0.000005 0.134209 0.047662]
0.900000  [-0.054540 0.016140 -0.169701 -0.000005 0.153576 0.054539]
1.000000  [-0.061417 0.018175 -0.191101 -0.000006 0.172942 0.061417]
1.100000  [-0.068295 0.020210 -0.212501 -0.000007 0.192309 0.068295]
1.200000  [-0.075173 0.022246 -0.233901 -0.000007 0.211675 0.075172]
1.300000  [-0.082050 0.024281 -0.255301 -0.000008 0.231042 0.082050]
1.400000  [-0.088928 0.026316 -0.276701 -0.000009 0.250408 0.088927]
1.500000  [-0.095806 0.028352 -0.298101 -0.000009 0.269775 0.095805]
1.600000  [-0.102683 0.030387 -0.319501 -0.000010 0.289141 0.102683]
1.700000  [-0.109561 0.032422 -0.340901 -0.000011 0.308508 0.109560]
1.800000  [-0.116439 0.034458 -0.362301 -0.000012 0.327874 0.116438]
1.900000  [-0.123316 0.036493 -0.383701 -0.000012 0.347241 0.123316]
2.000000  [-0.130194 0.038528 -0.405101 -0.000013 0.366607 0.130193]
2.100000  [-0.137072 0.040564 -0.426501 -0.000014 0.385974 0.137071]
2.200000  [-0.143949 0.042599 -0.447901 -0.000014 0.405341 0.143948]
2.300000  [-0.150827 0.044634 -0.469301 -0.000015 0.424707 0.150826]
2.400000  [-0.157705 0.046669 -0.490701 -0.000016 0.444074 0.157704]
2.500000  [-0.164582 0.048705 -0.512101 -0.000016 0.463440 0.164581]
2.600000  [-0.171460 0.050740 -0.533501 -0.000017 0.482807 0.171459]
2.700000  [-0.178338 0.052775 -0.554901 -0.000018 0.502173 0.178337]
2.800000  [-0.185215 0.054811 -0.576301 -0.000018 0.521540 0.185214]
2.900000  [-0.192093 0.056846 -0.597701 -0.000019 0.540906 0.192092]
3.000000  [-0.198971 0.058881 -0.619101 -0.000020 0.560273 0.198969]
3.100000  [-0.205848 0.060917 -0.640501 -0.000020 0.579639 0.205847]
3.200000  [-0.212726 0.062952 -0.661901 -0.000021 0.599006 0.212725]
3.300000  [-0.219604 0.064987 -0.683301 -0.000022 0.618372 0.219602]
3.400000  [-0.226481 0.067022 -0.704701 -0.000022 0.637739 0.226480]
3.500000  [-0.233359 0.069058 -0.726101 -0.000023 0.657105 0.233358]
3.600000  [-0.240237 0.071093 -0.747501 -0.000024 0.676472 0.240235]
3.700000  [-0.247114 0.073128 -0.768901 -0.000024 0.695838 0.247113]
3.800000  [-0.253992 0.075164 -0.790301 -0.000025 0.715205 0.253990]
3.900000  [-0.260870 0.077199 -0.811701 -0.000026 0.734571 0.260868]
4.000000  [-0.267747 0.079234 -0.833101 -0.000026 0.753938 0.267746]
4.100000  [-0.274625 0.081270 -0.854501 -0.000027 0.773304 0.274623]
4.200000  [-0.281503 0.083305 -0.875901 -0.000028 0.792671 0.281501]
4.300000  [-0.288380 0.085340 -0.897301 -0.000028 0.812037 0.288378]
4.400000  [-0.295258 0.087375 -0.918701 -0.000029 0.831404 0.295256]
4.500000  [-0.302136 0.089411 -0.940101 -0.000030 0.850770 0.302134]
4.600000  [-0.309013 0.091446 -0.961501 -0.000031 0.870137 0.309011]
4.700000  [-0.315891 0.093481 -0.982901 -0.000031 0.889503 0.315889]
4.800000  [-0.322769 0.095517 -1.004301 -0.000032 0.908870 0.322767]
4.900000  [-0.329646 0.097552 -1.025701 -0.000033 0.928237 0.329644]
5.000000  [-0.336524 0.099587 -1.047101 -0.000033 0.947603 0.336522]
5.100000  [-0.343402 0.101623 -1.068501 -0.000034 0.966970 0.343399]
5.200000  [-0.350279 0.103658 -1.089901 -0.000035 0.986336 0.350277]
5.300000  [-0.357157 0.105693 -1.111301 -0.000035 1.005703 0.357155]
5.400000  [-0.364035 0.107729 -1.132701 -0.000036 1.025069 0.364032]
5.500000  [-0.370912 0.109764 -1.154101 -0.000037 1.044436 0.370910]
5.600000  [-0.377790 0.111799 -1.175501 -0.000037 1.063802 0.377788]
5.700000  [-0.384668 0.113834 -1.196901 -0.000038 1.083169 0.384665]
5.800000  [-0.391545 0.115870 -1.218301 -0.000039 1.102535 0.391543]
5.900000  [-0.398423 0.117905 -1.239701 -0.000039 1.121902 0.398420]
6.000000  [-0.405301 0.119940 -1.261101 -0.000040 1.141268 0.405298]
6.100000  [-0.412178 0.121976 -1.282501 -0.000041 1.160635 0.412176]
6.200000  [-0.419056 0.124011 -1.303901 -0.000041 1.180001 0.419053]
6.300000  [-0.425934 0.126046 -1.325301 -0.000042 1.199368 0.425931]
6.400000  [-0.432811 0.128082 -1.346701 -0.000043 1.218734 0.432809]
6.500000  [-0.439689 0.130117 -1.368101 -0.000043 1.238101 0.439686]
6.600000  [-0.446567 0.132152 -1.389501 -0.000044 1.257467 0.446564]
6.700000  [-0.453444 0.134187 -1.410901 -0.000045 1.276834 0.453441]
6.800000  [-0.460322 0.136223 -1.432301 -0.000045 1.296200 0.460319]
6.900000  [-0.467198 0.138258 -1.453696 -0.000046 1.315562 0.467195]
7.000000  [-0.472365 0.139787 -1.469773 -0.000047 1.330112 0.472362]
7.100000  [-0.474318 0.140365 -1.475851 -0.000047 1.335612 0.474315]
7.110774  [-0.474337 0.140370 -1.475909 -0.000047 1.335664 0.474334]
